16
Puckett, Karen
10 10 9.5 10 10 8 9.5 10 10 10
37 43 44 50
90 91
Little, Charles
10 10 9 10 10 4 9 10 0 10
37 38 42 37 
78 63
Perfect, Student
10 10 10 10 10 10 10 10 10 10
50 50 50 50
100 100
Hill, Gretchen
10 10 10 10 10 9.5 10 10 10 9.5
46 47 48 47 
91.5 97
Song, Patrick
10 10 8 8 10 0 9.5 0 10 10
36 46 46 35 
80 67
Wagner, Malcolm
10 9 10 9 9 0 8 8 0 7
38 40 39 47
86 57
Woodard, Beth
10 10 9 10 10 8 10 10 10 10
42 50 39 48
70 65
Desai, Julia
10 10 10 10 10 8 8 9 10 9
43 42 40 44  
92.5 90
Wallace, Jerome
10 10 9 10 10 7 9 10 10 0
36 35 47 36
87 72
Griffin, Jean
10 10 10 10 10 8 10 9 0 10
42 38 38 36 
79 75
Dougherty, Kristine
10 10 0 10 0 8 10 9.5 10 10
37 46 44 37 
91 91
Vick, Franklin
10 10 10 10 7 10 10 10 10 9.5
46 46 43 36 
92 87.5
Solomon, Marian
10 10 10 10 10 10 10 10 10 9
45 44 49 35 
100 96
Johnston, Jerome
10 10 9 10 8 4 9.5 9 10 10
35 37 41 36 
89 71
Walton, Beth
10 10 9 10 10 10 10 10 10 9
42 48 45 45 
92.5 84
Hall, Erica
10 0 10 10 10 10 10 10 10 10
48 44 41 35
97 94
